81
373
492
494
500
531
545
561
670
1085
1097
1108
1141
1143
1366
1457
1491
1605
1745
1806
1819
1835
1873
1882
2004
2057
2153
2262
2320
2379
2446
2557
2632
2686
2698
2708
2799
2852
2994
3184
3264
3330
3378
3753
4040
4232
4254
4300
4305
4529
4637
4642
4666
4710
4714
4729
4771
4889
5148
5220
5362
5556
6018
6161
6256
6388
6430
6435
6736
6737
6802
6885
7156
7157
7167
7256
7280
7312
7348
7392
7546
7649
7698
7722
7762
7921
7984
8051
8097
8146
8376
8474
8698
8717
8770
8829
8851
8856
8905
9945
