955696
949689
948953
948731
936997
928590
927739
921007
894133
891872
888687
886251
882960
866515
854231
852311
849123
841491
838929
836277
825248
825073
821976
810365
808193
807669
802424
789056
776687
775324
767050
765701
762769
749443
745680
732074
721609
720006
710647
704712
695236
690665
684946
670737
658636
658270
643730
640212
588309
579579
560513
545944
544903
536943
531906
510965
503550
489805
480992
474565
467990
466633
447875
446732
430620
425293
424449
400340
381620
376815
372000
345757
343829
340580
337727
326816
317682
265057
237959
237183
220905
212942
202943
200135
189556
184636
175469
146352
142916
110188
102675
93254
75563
69135
61653
29001
22768
18537
17657
2380
